60
13
59 5 111 34 15 38 68 72 51 37 14 131 8 63 32 97 129 36 36 131 126 41 42 82 141 85 64 132 131 124 37 7 69 89 104 49 104 13 64 16 18 125 61 89 31 15 10 85 117 45 133 46 20 65 97 101 41 73 121 14 
14 14 14 14 14 14 14 14 14 14 14 14 14 
14 14 14 14 14 14 14 14 14 200 200 200 200 
16 16 16 16 16 16 16 16 16 200 200 200 200 
24 24 24 24 24 24 24 24 24 200 200 200 200 
12 12 12 12 12 12 12 12 12 200 200 200 200 
18 18 18 18 18 18 18 18 18 200 200 200 200 
16 16 16 16 16 16 16 16 16 200 200 200 200 
6 6 6 6 6 6 6 6 6 200 200 200 200 
14 14 14 14 14 14 14 14 14 200 200 200 200 
16 16 16 16 16 16 16 16 16 200 200 200 200 
18 18 18 18 18 18 18 18 18 200 200 200 200 
26 26 26 26 26 26 26 26 26 200 200 200 200 
26 26 26 26 26 26 26 26 26 200 200 200 200 
18 18 18 18 18 18 18 18 18 200 200 200 200 
12 12 12 12 12 12 12 12 12 200 200 200 200 
20 20 20 20 20 20 20 20 20 200 200 200 200 
36 36 36 36 36 36 36 36 36 200 200 200 200 
24 24 24 24 24 24 24 24 24 200 200 200 200 
16 16 16 16 16 16 16 16 16 200 200 200 200 
20 20 20 20 20 20 20 20 20 200 200 200 200 
18 18 18 18 18 18 18 18 18 200 200 200 200 
12 12 12 12 12 12 12 12 12 200 200 200 200 
14 14 14 14 14 14 14 14 14 200 200 200 200 
18 18 18 18 18 18 18 18 18 200 200 200 200 
18 18 18 18 18 18 18 18 18 200 200 200 200 
200 200 200 200 200 200 200 26 26 26 26 26 26 
200 200 200 200 200 200 200 24 24 24 24 24 24 
200 200 200 200 200 200 200 22 22 22 22 22 22 
200 200 200 200 200 200 200 20 20 20 20 20 20 
200 200 200 200 200 200 200 20 20 20 20 20 20 
200 200 200 200 200 200 200 18 18 18 18 18 18 
200 200 200 200 200 200 200 22 22 22 22 22 22 
200 200 200 200 200 200 200 22 22 22 22 22 22 
200 200 200 200 200 200 200 28 28 28 28 28 28 
200 200 200 200 200 200 200 28 28 28 28 28 28 
200 200 200 200 200 200 200 16 16 16 16 16 16 
200 200 200 200 200 200 200 20 20 20 20 20 20 
200 200 200 200 200 200 200 12 12 12 12 12 12 
200 200 200 200 200 200 200 24 24 24 24 24 24 
200 200 200 200 200 200 200 26 26 26 26 26 26 
200 200 200 200 200 200 200 20 20 20 20 20 20 
200 200 200 200 200 200 200 24 24 24 24 24 24 
200 200 200 200 200 200 200 16 16 16 16 16 16 
200 200 200 200 200 200 200 18 18 18 18 18 18 
200 200 200 200 200 200 200 24 24 24 24 24 24 
200 200 200 200 200 200 200 22 22 22 22 22 22 
200 200 200 200 200 200 200 24 24 24 24 24 24 
200 16 16 16 16 16 16 200 200 200 200 200 200 
200 24 24 24 24 24 24 200 200 200 200 200 200 
200 26 26 26 26 26 26 200 200 200 200 200 200 
200 200 18 18 18 18 18 200 200 200 200 200 200 
200 200 16 16 16 16 16 200 200 200 200 200 200 
200 200 12 12 12 12 12 200 200 200 200 200 200 
200 200 10 10 10 10 10 200 200 200 200 200 200 
200 200 28 28 28 28 28 200 200 200 200 200 200 
200 200 14 14 14 14 14 200 200 200 200 200 200 
200 200 12 12 12 12 12 200 200 200 200 200 200 
200 200 20 20 20 20 20 200 200 200 200 200 200 
200 200 18 18 18 18 18 18 18 200 200 200 200 
200 200 28 28 28 28 28 28 28 200 200 200 200 
200 200 22 22 22 22 22 22 22 200 200 200 200 
178 244 161 160 161 151 178 225 210 213 235 167 239                                               
187 204 246 242 151 229 239 206 192 216 189 222 161 181 209 174 222 153 164 162 217 179 203 183 179 206 205 208 165 204 187 197 205 183 156 167 196 191 219 243 164 182 175 182 245 179 151 199 191 153 183 173 179 221 220 218 235 171 201 189
230.24 167.65 208.88 221.37 235.96 265.94 257.94 85.26 229.35 99.05 141.86 182.59 41.48 72.91 33.09 180.87 253.59 168.61 157.77 191.27 280.53 140.26 232.87 55.34 195.01 187.13 72.99 94.36 132.30 242.18 194.28 66.62 274.07 8.68 78.27 129.81 35.54 194.37 143.80 132.45 110.63 219.19 209.62 176.41 59.73 61.49 289.96 68.88 144.60 203.88 8.43 279.94 139.98 81.84 256.18 62.16 192.39 75.40 227.59 201.00
