60
13
53 51 76 117 139 102 142 95 26 75 132 127 20 5 92 64 112 40 119 2 27 135 83 64 15 97 138 96 100 89 21 94 72 91 85 71 110 16 50 63 3 122 9 125 7 98 82 140 29 89 112 39 24 2 106 82 18 73 71 85 
14 14 14 14 14 14 14 14 14 14 14 14 14 
14 14 14 14 14 14 14 14 14 200 200 200 200 
22 22 22 22 22 22 22 22 22 200 200 200 200 
16 16 16 16 16 16 16 16 16 200 200 200 200 
18 18 18 18 18 18 18 18 18 200 200 200 200 
14 14 14 14 14 14 14 14 14 200 200 200 200 
28 28 28 28 28 28 28 28 28 200 200 200 200 
18 18 18 18 18 18 18 18 18 200 200 200 200 
18 18 18 18 18 18 18 18 18 200 200 200 200 
20 20 20 20 20 20 20 20 20 200 200 200 200 
10 10 10 10 10 10 10 10 10 200 200 200 200 
38 38 38 38 38 38 38 38 38 200 200 200 200 
22 22 22 22 22 22 22 22 22 200 200 200 200 
26 26 26 26 26 26 26 26 26 200 200 200 200 
26 26 26 26 26 26 26 26 26 200 200 200 200 
20 20 20 20 20 20 20 20 20 200 200 200 200 
18 18 18 18 18 18 18 18 18 200 200 200 200 
14 14 14 14 14 14 14 14 14 200 200 200 200 
6 6 6 6 6 6 6 6 6 200 200 200 200 
8 8 8 8 8 8 8 8 8 200 200 200 200 
24 24 24 24 24 24 24 24 24 200 200 200 200 
32 32 32 32 32 32 32 32 32 200 200 200 200 
18 18 18 18 18 18 18 18 18 200 200 200 200 
16 16 16 16 16 16 16 16 16 200 200 200 200 
20 20 20 20 20 20 20 20 20 200 200 200 200 
200 200 200 200 200 200 200 18 18 18 18 18 18 
200 200 200 200 200 200 200 16 16 16 16 16 16 
200 200 200 200 200 200 200 18 18 18 18 18 18 
200 200 200 200 200 200 200 20 20 20 20 20 20 
200 200 200 200 200 200 200 18 18 18 18 18 18 
200 200 200 200 200 200 200 16 16 16 16 16 16 
200 200 200 200 200 200 200 16 16 16 16 16 16 
200 200 200 200 200 200 200 22 22 22 22 22 22 
200 200 200 200 200 200 200 14 14 14 14 14 14 
200 200 200 200 200 200 200 16 16 16 16 16 16 
200 200 200 200 200 200 200 28 28 28 28 28 28 
200 200 200 200 200 200 200 18 18 18 18 18 18 
200 200 200 200 200 200 200 32 32 32 32 32 32 
200 200 200 200 200 200 200 26 26 26 26 26 26 
200 200 200 200 200 200 200 20 20 20 20 20 20 
200 200 200 200 200 200 200 34 34 34 34 34 34 
200 200 200 200 200 200 200 26 26 26 26 26 26 
200 200 200 200 200 200 200 24 24 24 24 24 24 
200 200 200 200 200 200 200 22 22 22 22 22 22 
200 200 200 200 200 200 200 20 20 20 20 20 20 
200 200 200 200 200 200 200 22 22 22 22 22 22 
200 200 200 200 200 200 200 20 20 20 20 20 20 
200 12 12 12 12 12 12 200 200 200 200 200 200 
200 26 26 26 26 26 26 200 200 200 200 200 200 
200 20 20 20 20 20 20 200 200 200 200 200 200 
200 200 12 12 12 12 12 200 200 200 200 200 200 
200 200 18 18 18 18 18 200 200 200 200 200 200 
200 200 14 14 14 14 14 200 200 200 200 200 200 
200 200 12 12 12 12 12 200 200 200 200 200 200 
200 200 18 18 18 18 18 200 200 200 200 200 200 
200 200 26 26 26 26 26 200 200 200 200 200 200 
200 200 18 18 18 18 18 200 200 200 200 200 200 
200 200 24 24 24 24 24 200 200 200 200 200 200 
200 200 40 40 40 40 40 40 40 200 200 200 200 
200 200 18 18 18 18 18 18 18 200 200 200 200 
200 200 30 30 30 30 30 30 30 200 200 200 200 
163 231 249 215 222 210 187 161 217 242 157 235 192                                               
197 207 164 180 208 196 179 237 199 176 213 241 178 207 228 220 240 234 211 187 247 207 223 187 192 194 186 159 179 150 203 238 229 244 222 177 223 184 178 190 153 179 241 163 186 227 225 192 161 181 182 175 172 206 164 211 197 184 218 229
261.14 299.33 213.23 103.55 129.92 34.03 252.51 2.07 280.45 178.85 82.98 101.73 100.82 91.12 154.27 266.30 131.49 293.30 268.54 103.30 96.42 4.33 70.53 142.55 160.86 10.24 156.47 118.18 96.13 117.92 33.97 293.47 80.21 36.20 126.86 260.45 269.19 292.07 283.80 57.94 146.27 286.78 298.43 194.42 105.79 232.43 207.75 35.75 189.98 16.70 233.54 87.06 67.72 192.25 131.19 243.00 179.55 231.14 195.58 52.00
