60
13
122 74 130 15 129 134 107 106 85 94 120 53 26 49 50 120 104 114 88 9 50 39 103 126 96 103 104 7 13 37 130 106 29 111 141 79 43 125 35 55 76 33 9 38 93 100 83 54 112 71 140 26 50 49 105 53 121 48 143 59 
14 14 14 14 14 14 14 14 14 14 14 14 14 
22 22 22 22 22 22 22 22 22 200 200 200 200 
26 26 26 26 26 26 26 26 26 200 200 200 200 
10 10 10 10 10 10 10 10 10 200 200 200 200 
20 20 20 20 20 20 20 20 20 200 200 200 200 
12 12 12 12 12 12 12 12 12 200 200 200 200 
8 8 8 8 8 8 8 8 8 200 200 200 200 
12 12 12 12 12 12 12 12 12 200 200 200 200 
20 20 20 20 20 20 20 20 20 200 200 200 200 
14 14 14 14 14 14 14 14 14 200 200 200 200 
16 16 16 16 16 16 16 16 16 200 200 200 200 
4 4 4 4 4 4 4 4 4 200 200 200 200 
20 20 20 20 20 20 20 20 20 200 200 200 200 
32 32 32 32 32 32 32 32 32 200 200 200 200 
20 20 20 20 20 20 20 20 20 200 200 200 200 
20 20 20 20 20 20 20 20 20 200 200 200 200 
12 12 12 12 12 12 12 12 12 200 200 200 200 
4 4 4 4 4 4 4 4 4 200 200 200 200 
18 18 18 18 18 18 18 18 18 200 200 200 200 
30 30 30 30 30 30 30 30 30 200 200 200 200 
16 16 16 16 16 16 16 16 16 200 200 200 200 
14 14 14 14 14 14 14 14 14 200 200 200 200 
20 20 20 20 20 20 20 20 20 200 200 200 200 
16 16 16 16 16 16 16 16 16 200 200 200 200 
20 20 20 20 20 20 20 20 20 200 200 200 200 
200 200 200 200 200 200 200 14 14 14 14 14 14 
200 200 200 200 200 200 200 20 20 20 20 20 20 
200 200 200 200 200 200 200 16 16 16 16 16 16 
200 200 200 200 200 200 200 10 10 10 10 10 10 
200 200 200 200 200 200 200 16 16 16 16 16 16 
200 200 200 200 200 200 200 16 16 16 16 16 16 
200 200 200 200 200 200 200 14 14 14 14 14 14 
200 200 200 200 200 200 200 20 20 20 20 20 20 
200 200 200 200 200 200 200 20 20 20 20 20 20 
200 200 200 200 200 200 200 22 22 22 22 22 22 
200 200 200 200 200 200 200 20 20 20 20 20 20 
200 200 200 200 200 200 200 22 22 22 22 22 22 
200 200 200 200 200 200 200 16 16 16 16 16 16 
200 200 200 200 200 200 200 14 14 14 14 14 14 
200 200 200 200 200 200 200 26 26 26 26 26 26 
200 200 200 200 200 200 200 14 14 14 14 14 14 
200 200 200 200 200 200 200 34 34 34 34 34 34 
200 200 200 200 200 200 200 20 20 20 20 20 20 
200 200 200 200 200 200 200 28 28 28 28 28 28 
200 200 200 200 200 200 200 36 36 36 36 36 36 
200 200 200 200 200 200 200 22 22 22 22 22 22 
200 200 200 200 200 200 200 34 34 34 34 34 34 
200 24 24 24 24 24 24 200 200 200 200 200 200 
200 22 22 22 22 22 22 200 200 200 200 200 200 
200 18 18 18 18 18 18 200 200 200 200 200 200 
200 200 20 20 20 20 20 200 200 200 200 200 200 
200 200 18 18 18 18 18 200 200 200 200 200 200 
200 200 20 20 20 20 20 200 200 200 200 200 200 
200 200 10 10 10 10 10 200 200 200 200 200 200 
200 200 12 12 12 12 12 200 200 200 200 200 200 
200 200 12 12 12 12 12 200 200 200 200 200 200 
200 200 8 8 8 8 8 200 200 200 200 200 200 
200 200 16 16 16 16 16 200 200 200 200 200 200 
200 200 10 10 10 10 10 10 10 200 200 200 200 
200 200 18 18 18 18 18 18 18 200 200 200 200 
200 200 30 30 30 30 30 30 30 200 200 200 200 
209 231 189 198 213 227 240 205 163 225 160 184 201                                               
156 248 180 240 152 220 222 221 179 199 178 155 211 245 166 190 193 236 249 242 207 192 197 227 172 205 157 217 182 211 166 234 173 192 181 216 194 247 198 158 167 182 232 208 188 235 174 192 182 167 211 196 228 202 178 236 174 239 172 160
272.31 332.77 132.69 262.42 239.16 208.38 159.19 274.20 271.96 80.52 212.90 188.80 164.76 60.58 126.73 192.09 36.12 159.94 30.57 251.04 113.87 92.14 40.21 262.65 264.35 52.21 281.89 91.44 233.50 128.45 72.62 36.74 53.63 280.88 225.25 190.83 246.61 59.80 297.81 97.72 23.67 204.45 121.26 65.82 128.95 286.00 227.67 147.96 247.79 41.70 4.45 140.18 124.29 16.74 192.71 181.38 231.29 4.09 4.08 151.00