60
13
47 97 40 57 119 22 73 117 105 114 9 28 33 140 127 111 109 84 128 84 81 49 84 132 119 8 75 11 26 122 95 60 96 93 25 122 142 32 76 123 53 133 16 128 37 10 51 85 133 91 33 27 84 115 63 139 72 21 12 104 
14 14 14 14 14 14 14 14 14 14 14 14 14 
12 12 12 12 12 12 12 12 12 200 200 200 200 
34 34 34 34 34 34 34 34 34 200 200 200 200 
32 32 32 32 32 32 32 32 32 200 200 200 200 
24 24 24 24 24 24 24 24 24 200 200 200 200 
8 8 8 8 8 8 8 8 8 200 200 200 200 
16 16 16 16 16 16 16 16 16 200 200 200 200 
30 30 30 30 30 30 30 30 30 200 200 200 200 
22 22 22 22 22 22 22 22 22 200 200 200 200 
30 30 30 30 30 30 30 30 30 200 200 200 200 
28 28 28 28 28 28 28 28 28 200 200 200 200 
26 26 26 26 26 26 26 26 26 200 200 200 200 
32 32 32 32 32 32 32 32 32 200 200 200 200 
14 14 14 14 14 14 14 14 14 200 200 200 200 
22 22 22 22 22 22 22 22 22 200 200 200 200 
10 10 10 10 10 10 10 10 10 200 200 200 200 
26 26 26 26 26 26 26 26 26 200 200 200 200 
20 20 20 20 20 20 20 20 20 200 200 200 200 
24 24 24 24 24 24 24 24 24 200 200 200 200 
12 12 12 12 12 12 12 12 12 200 200 200 200 
26 26 26 26 26 26 26 26 26 200 200 200 200 
12 12 12 12 12 12 12 12 12 200 200 200 200 
14 14 14 14 14 14 14 14 14 200 200 200 200 
12 12 12 12 12 12 12 12 12 200 200 200 200 
30 30 30 30 30 30 30 30 30 200 200 200 200 
200 200 200 200 200 200 200 24 24 24 24 24 24 
200 200 200 200 200 200 200 18 18 18 18 18 18 
200 200 200 200 200 200 200 16 16 16 16 16 16 
200 200 200 200 200 200 200 18 18 18 18 18 18 
200 200 200 200 200 200 200 24 24 24 24 24 24 
200 200 200 200 200 200 200 10 10 10 10 10 10 
200 200 200 200 200 200 200 8 8 8 8 8 8 
200 200 200 200 200 200 200 30 30 30 30 30 30 
200 200 200 200 200 200 200 18 18 18 18 18 18 
200 200 200 200 200 200 200 16 16 16 16 16 16 
200 200 200 200 200 200 200 20 20 20 20 20 20 
200 200 200 200 200 200 200 24 24 24 24 24 24 
200 200 200 200 200 200 200 20 20 20 20 20 20 
200 200 200 200 200 200 200 20 20 20 20 20 20 
200 200 200 200 200 200 200 24 24 24 24 24 24 
200 200 200 200 200 200 200 18 18 18 18 18 18 
200 200 200 200 200 200 200 22 22 22 22 22 22 
200 200 200 200 200 200 200 22 22 22 22 22 22 
200 200 200 200 200 200 200 18 18 18 18 18 18 
200 200 200 200 200 200 200 22 22 22 22 22 22 
200 200 200 200 200 200 200 30 30 30 30 30 30 
200 200 200 200 200 200 200 26 26 26 26 26 26 
200 14 14 14 14 14 14 200 200 200 200 200 200 
200 16 16 16 16 16 16 200 200 200 200 200 200 
200 24 24 24 24 24 24 200 200 200 200 200 200 
200 200 18 18 18 18 18 200 200 200 200 200 200 
200 200 18 18 18 18 18 200 200 200 200 200 200 
200 200 12 12 12 12 12 200 200 200 200 200 200 
200 200 16 16 16 16 16 200 200 200 200 200 200 
200 200 12 12 12 12 12 200 200 200 200 200 200 
200 200 10 10 10 10 10 200 200 200 200 200 200 
200 200 26 26 26 26 26 200 200 200 200 200 200 
200 200 18 18 18 18 18 200 200 200 200 200 200 
200 200 40 40 40 40 40 40 40 200 200 200 200 
200 200 14 14 14 14 14 14 14 200 200 200 200 
200 200 36 36 36 36 36 36 36 200 200 200 200 
188 205 223 151 231 203 169 246 199 182 230 162 202                                               
237 153 232 196 180 180 237 213 182 211 191 169 158 213 183 154 180 164 175 179 199 196 191 152 213 160 185 217 237 217 235 213 169 239 242 192 234 208 249 158 191 180 241 211 168 216 228 177 234 158 161 197 225 169 219 190 190 249 163 154
196.55 83.83 176.72 65.61 187.28 182.63 203.23 123.69 147.61 136.05 92.55 99.60 11.85 44.56 183.25 26.86 35.71 299.02 39.83 100.37 50.99 114.65 47.49 8.24 270.02 9.16 193.78 117.84 109.45 277.16 220.62 91.71 285.76 6.80 78.19 117.51 66.93 10.72 180.78 131.62 111.40 58.75 194.25 59.97 256.32 118.19 245.60 50.29 139.57 66.41 157.24 44.29 7.16 7.51 238.70 167.28 31.73 197.39 168.19 141.00

