60
13
120 87 23 8 36 1 100 51 130 36 137 33 64 10 115 68 78 36 42 101 101 29 91 119 45 62 96 110 128 65 98 105 26 48 122 14 139 79 128 124 22 68 58 89 78 75 83 12 87 3 59 111 96 109 141 124 9 63 88 132 
14 14 14 14 14 14 14 14 14 14 14 14 14 
10 10 10 10 10 10 10 10 10 200 200 200 200 
46 46 46 46 46 46 46 46 46 200 200 200 200 
18 18 18 18 18 18 18 18 18 200 200 200 200 
24 24 24 24 24 24 24 24 24 200 200 200 200 
48 48 48 48 48 48 48 48 48 200 200 200 200 
32 32 32 32 32 32 32 32 32 200 200 200 200 
20 20 20 20 20 20 20 20 20 200 200 200 200 
16 16 16 16 16 16 16 16 16 200 200 200 200 
12 12 12 12 12 12 12 12 12 200 200 200 200 
20 20 20 20 20 20 20 20 20 200 200 200 200 
26 26 26 26 26 26 26 26 26 200 200 200 200 
18 18 18 18 18 18 18 18 18 200 200 200 200 
30 30 30 30 30 30 30 30 30 200 200 200 200 
20 20 20 20 20 20 20 20 20 200 200 200 200 
24 24 24 24 24 24 24 24 24 200 200 200 200 
22 22 22 22 22 22 22 22 22 200 200 200 200 
24 24 24 24 24 24 24 24 24 200 200 200 200 
48 48 48 48 48 48 48 48 48 200 200 200 200 
6 6 6 6 6 6 6 6 6 200 200 200 200 
30 30 30 30 30 30 30 30 30 200 200 200 200 
16 16 16 16 16 16 16 16 16 200 200 200 200 
48 48 48 48 48 48 48 48 48 200 200 200 200 
30 30 30 30 30 30 30 30 30 200 200 200 200 
30 30 30 30 30 30 30 30 30 200 200 200 200 
200 200 200 200 200 200 200 16 16 16 16 16 16 
200 200 200 200 200 200 200 20 20 20 20 20 20 
200 200 200 200 200 200 200 16 16 16 16 16 16 
200 200 200 200 200 200 200 30 30 30 30 30 30 
200 200 200 200 200 200 200 16 16 16 16 16 16 
200 200 200 200 200 200 200 22 22 22 22 22 22 
200 200 200 200 200 200 200 24 24 24 24 24 24 
200 200 200 200 200 200 200 22 22 22 22 22 22 
200 200 200 200 200 200 200 28 28 28 28 28 28 
200 200 200 200 200 200 200 20 20 20 20 20 20 
200 200 200 200 200 200 200 24 24 24 24 24 24 
200 200 200 200 200 200 200 24 24 24 24 24 24 
200 200 200 200 200 200 200 16 16 16 16 16 16 
200 200 200 200 200 200 200 14 14 14 14 14 14 
200 200 200 200 200 200 200 22 22 22 22 22 22 
200 200 200 200 200 200 200 14 14 14 14 14 14 
200 200 200 200 200 200 200 20 20 20 20 20 20 
200 200 200 200 200 200 200 20 20 20 20 20 20 
200 200 200 200 200 200 200 18 18 18 18 18 18 
200 200 200 200 200 200 200 24 24 24 24 24 24 
200 200 200 200 200 200 200 28 28 28 28 28 28 
200 200 200 200 200 200 200 30 30 30 30 30 30 
200 14 14 14 14 14 14 200 200 200 200 200 200 
200 14 14 14 14 14 14 200 200 200 200 200 200 
200 24 24 24 24 24 24 200 200 200 200 200 200 
200 200 16 16 16 16 16 200 200 200 200 200 200 
200 200 18 18 18 18 18 200 200 200 200 200 200 
200 200 28 28 28 28 28 200 200 200 200 200 200 
200 200 18 18 18 18 18 200 200 200 200 200 200 
200 200 32 32 32 32 32 200 200 200 200 200 200 
200 200 18 18 18 18 18 200 200 200 200 200 200 
200 200 20 20 20 20 20 200 200 200 200 200 200 
200 200 18 18 18 18 18 200 200 200 200 200 200 
200 200 16 16 16 16 16 16 16 200 200 200 200 
200 200 24 24 24 24 24 24 24 200 200 200 200 
200 200 18 18 18 18 18 18 18 200 200 200 200 
239 210 197 217 177 213 239 196 221 189 181 210 182                                               
181 166 221 196 191 201 237 186 176 182 206 241 229 223 177 229 215 192 169 183 239 245 235 167 220 215 246 234 216 215 168 177 222 171 170 227 185 160 196 229 234 225 183 192 155 243 167 236 219 160 193 188 199 175 180 244 232 159 177 165
30.24 67.65 208.88 221.37 235.96 265.94 257.94 85.26 229.35 99.05 141.86 182.59 41.48 72.91 33.09 180.87 253.59 168.61 157.77 191.27 280.53 140.26 232.87 55.34 195.01 187.13 72.99 94.36 132.30 242.18 194.28 66.62 274.07 8.68 78.27 129.81 35.54 194.37 143.80 132.45 110.63 219.19 209.62 176.41 59.73 61.49 289.96 68.88 144.60 203.88 8.43 279.94 139.98 81.84 256.18 62.16 192.39 75.40 227.59 201.00

